0.000000000000000000e+00 3.926990816987241395e-01
0.000000000000000000e+00 3.926990816987241395e-01
0.000000000000000000e+00 3.926990816987241395e-01
0.000000000000000000e+00 3.926990816987241395e-01
5.656854249492380138e-01 0.000000000000000000e+00
5.656854249492380138e-01 0.000000000000000000e+00
5.656854249492380138e-01 0.000000000000000000e+00
5.656854249492380138e-01 0.000000000000000000e+00
5.656854249492380138e-01 0.000000000000000000e+00
5.656854249492380138e-01 0.000000000000000000e+00
5.656854249492380138e-01 0.000000000000000000e+00
5.656854249492380138e-01 0.000000000000000000e+00
5.656854249492380138e-01 0.000000000000000000e+00
5.656854249492380138e-01 0.000000000000000000e+00
5.656854249492380138e-01 0.000000000000000000e+00
5.656854249492380138e-01 0.000000000000000000e+00
5.656854249492380138e-01 0.000000000000000000e+00
5.656854249492380138e-01 0.000000000000000000e+00
5.656854249492380138e-01 0.000000000000000000e+00
5.656854249492380138e-01 0.000000000000000000e+00
5.656854249492380138e-01 0.000000000000000000e+00
5.656854249492380138e-01 0.000000000000000000e+00
5.656854249492380138e-01 0.000000000000000000e+00
5.656854249492380138e-01 0.000000000000000000e+00
