0.000000000000000000e+00 5.535743588970452045e-01
0.000000000000000000e+00 5.535743588970452045e-01
0.000000000000000000e+00 5.535743588970452045e-01
0.000000000000000000e+00 5.535743588970452045e-01
7.453559924999298980e-01 0.000000000000000000e+00
7.453559924999298980e-01 0.000000000000000000e+00
7.453559924999298980e-01 0.000000000000000000e+00
0.000000000000000000e+00 2.318238045004030745e-01
0.000000000000000000e+00 2.318238045004030745e-01
0.000000000000000000e+00 2.318238045004030745e-01
0.000000000000000000e+00 2.318238045004030745e-01
3.333333333333333148e-01 0.000000000000000000e+00
3.333333333333333148e-01 0.000000000000000000e+00
3.333333333333333148e-01 0.000000000000000000e+00
3.333333333333333148e-01 0.000000000000000000e+00
3.333333333333333148e-01 0.000000000000000000e+00
3.333333333333333148e-01 0.000000000000000000e+00
3.333333333333333148e-01 0.000000000000000000e+00
3.333333333333333148e-01 0.000000000000000000e+00
3.333333333333333148e-01 0.000000000000000000e+00
3.333333333333333148e-01 0.000000000000000000e+00
3.333333333333333148e-01 0.000000000000000000e+00
3.333333333333333148e-01 0.000000000000000000e+00
3.333333333333333148e-01 0.000000000000000000e+00
3.333333333333333148e-01 0.000000000000000000e+00
3.333333333333333148e-01 0.000000000000000000e+00
3.333333333333333148e-01 0.000000000000000000e+00
3.333333333333333148e-01 0.000000000000000000e+00
3.333333333333333148e-01 0.000000000000000000e+00
3.333333333333333148e-01 0.000000000000000000e+00
3.333333333333333148e-01 0.000000000000000000e+00
3.333333333333333148e-01 0.000000000000000000e+00
3.333333333333333148e-01 0.000000000000000000e+00
3.333333333333333148e-01 0.000000000000000000e+00
3.333333333333333148e-01 0.000000000000000000e+00
3.333333333333333148e-01 0.000000000000000000e+00
3.333333333333333148e-01 0.000000000000000000e+00
3.333333333333333148e-01 0.000000000000000000e+00
3.333333333333333148e-01 0.000000000000000000e+00
3.333333333333333148e-01 0.000000000000000000e+00
3.333333333333333148e-01 0.000000000000000000e+00
3.333333333333333148e-01 0.000000000000000000e+00
3.333333333333333148e-01 0.000000000000000000e+00
3.333333333333333148e-01 0.000000000000000000e+00
3.333333333333333148e-01 0.000000000000000000e+00
3.333333333333333148e-01 0.000000000000000000e+00
3.333333333333333148e-01 0.000000000000000000e+00
3.333333333333333148e-01 0.000000000000000000e+00
3.333333333333333148e-01 0.000000000000000000e+00
3.333333333333333148e-01 0.000000000000000000e+00
3.333333333333333148e-01 0.000000000000000000e+00
3.333333333333333148e-01 0.000000000000000000e+00
3.333333333333333148e-01 0.000000000000000000e+00
0.000000000000000000e+00 2.356194490192344837e+00
0.000000000000000000e+00 2.356194490192344837e+00
0.000000000000000000e+00 2.356194490192344837e+00
0.000000000000000000e+00 2.356194490192344837e+00
3.333333333333333148e-01 0.000000000000000000e+00
3.333333333333333148e-01 0.000000000000000000e+00
3.333333333333333148e-01 0.000000000000000000e+00
3.333333333333333148e-01 0.000000000000000000e+00
3.333333333333333148e-01 0.000000000000000000e+00
3.333333333333333148e-01 0.000000000000000000e+00
3.333333333333333148e-01 0.000000000000000000e+00
3.333333333333333148e-01 0.000000000000000000e+00
3.333333333333333148e-01 0.000000000000000000e+00
3.333333333333333148e-01 0.000000000000000000e+00
3.333333333333333148e-01 0.000000000000000000e+00
3.333333333333333148e-01 0.000000000000000000e+00
3.333333333333333148e-01 0.000000000000000000e+00
3.333333333333333148e-01 0.000000000000000000e+00
3.333333333333333148e-01 0.000000000000000000e+00
3.333333333333333148e-01 0.000000000000000000e+00
3.333333333333333148e-01 0.000000000000000000e+00
3.333333333333333148e-01 0.000000000000000000e+00
3.333333333333333148e-01 0.000000000000000000e+00
3.333333333333333148e-01 0.000000000000000000e+00
3.333333333333333148e-01 0.000000000000000000e+00
3.333333333333333148e-01 0.000000000000000000e+00
3.333333333333333148e-01 0.000000000000000000e+00
3.333333333333333148e-01 0.000000000000000000e+00
3.333333333333333148e-01 0.000000000000000000e+00
3.333333333333333148e-01 0.000000000000000000e+00
3.333333333333333148e-01 0.000000000000000000e+00
3.333333333333333148e-01 0.000000000000000000e+00
3.333333333333333148e-01 0.000000000000000000e+00
3.333333333333333148e-01 0.000000000000000000e+00
3.333333333333333148e-01 0.000000000000000000e+00
3.333333333333333148e-01 0.000000000000000000e+00
3.333333333333333148e-01 0.000000000000000000e+00
3.333333333333333148e-01 0.000000000000000000e+00
3.333333333333333148e-01 0.000000000000000000e+00
3.333333333333333148e-01 0.000000000000000000e+00
3.333333333333333148e-01 0.000000000000000000e+00
3.333333333333333148e-01 0.000000000000000000e+00
3.333333333333333148e-01 0.000000000000000000e+00
3.333333333333333148e-01 0.000000000000000000e+00
3.333333333333333148e-01 0.000000000000000000e+00
3.333333333333333148e-01 0.000000000000000000e+00
0.000000000000000000e+00 2.356194490192344837e+00
0.000000000000000000e+00 2.356194490192344837e+00
0.000000000000000000e+00 2.356194490192344837e+00
0.000000000000000000e+00 2.356194490192344837e+00
3.333333333333333148e-01 0.000000000000000000e+00
3.333333333333333148e-01 0.000000000000000000e+00
3.333333333333333148e-01 0.000000000000000000e+00
3.333333333333333148e-01 0.000000000000000000e+00
3.333333333333333148e-01 0.000000000000000000e+00
3.333333333333333148e-01 0.000000000000000000e+00
3.333333333333333148e-01 0.000000000000000000e+00
3.333333333333333148e-01 0.000000000000000000e+00
3.333333333333333148e-01 0.000000000000000000e+00
3.333333333333333148e-01 0.000000000000000000e+00
3.333333333333333148e-01 0.000000000000000000e+00
3.333333333333333148e-01 0.000000000000000000e+00
3.333333333333333148e-01 0.000000000000000000e+00
3.333333333333333148e-01 0.000000000000000000e+00
3.333333333333333148e-01 0.000000000000000000e+00
3.333333333333333148e-01 0.000000000000000000e+00
3.333333333333333148e-01 0.000000000000000000e+00
3.333333333333333148e-01 0.000000000000000000e+00
3.333333333333333148e-01 0.000000000000000000e+00
3.333333333333333148e-01 0.000000000000000000e+00
3.333333333333333148e-01 0.000000000000000000e+00
3.333333333333333148e-01 0.000000000000000000e+00
3.333333333333333148e-01 0.000000000000000000e+00
3.333333333333333148e-01 0.000000000000000000e+00
3.333333333333333148e-01 0.000000000000000000e+00
3.333333333333333148e-01 0.000000000000000000e+00
3.333333333333333148e-01 0.000000000000000000e+00
3.333333333333333148e-01 0.000000000000000000e+00
3.333333333333333148e-01 0.000000000000000000e+00
3.333333333333333148e-01 0.000000000000000000e+00
3.333333333333333148e-01 0.000000000000000000e+00
3.333333333333333148e-01 0.000000000000000000e+00
3.333333333333333148e-01 0.000000000000000000e+00
3.333333333333333148e-01 0.000000000000000000e+00
3.333333333333333148e-01 0.000000000000000000e+00
3.333333333333333148e-01 0.000000000000000000e+00
3.333333333333333148e-01 0.000000000000000000e+00
3.333333333333333148e-01 0.000000000000000000e+00
3.333333333333333148e-01 0.000000000000000000e+00
0.000000000000000000e+00 2.588018294692747912e+00
0.000000000000000000e+00 2.588018294692747912e+00
0.000000000000000000e+00 2.588018294692747912e+00
0.000000000000000000e+00 2.588018294692747912e+00
7.453559924999298980e-01 0.000000000000000000e+00
7.453559924999298980e-01 0.000000000000000000e+00
7.453559924999298980e-01 0.000000000000000000e+00
7.453559924999298980e-01 0.000000000000000000e+00
7.453559924999298980e-01 0.000000000000000000e+00
7.453559924999298980e-01 0.000000000000000000e+00
0.000000000000000000e+00 1.608752771983210650e-01
0.000000000000000000e+00 1.608752771983210650e-01
0.000000000000000000e+00 1.608752771983210650e-01
0.000000000000000000e+00 1.608752771983210650e-01
4.714045207910317337e-01 0.000000000000000000e+00
4.714045207910317337e-01 0.000000000000000000e+00
4.714045207910317337e-01 0.000000000000000000e+00
