0.000000000000000000e+00 5.535743588970452045e-01
0.000000000000000000e+00 5.535743588970452045e-01
0.000000000000000000e+00 5.535743588970452045e-01
0.000000000000000000e+00 5.535743588970452045e-01
7.453559924999298980e-01 0.000000000000000000e+00
7.453559924999298980e-01 0.000000000000000000e+00
7.453559924999298980e-01 0.000000000000000000e+00
0.000000000000000000e+00 2.318238045004030745e-01
0.000000000000000000e+00 2.318238045004030745e-01
0.000000000000000000e+00 2.318238045004030745e-01
0.000000000000000000e+00 2.318238045004030745e-01
3.333333333333333148e-01 0.000000000000000000e+00
3.333333333333333148e-01 0.000000000000000000e+00
3.333333333333333148e-01 0.000000000000000000e+00
3.333333333333333148e-01 0.000000000000000000e+00
3.333333333333333148e-01 0.000000000000000000e+00
3.333333333333333148e-01 0.000000000000000000e+00
3.333333333333333148e-01 0.000000000000000000e+00
3.333333333333333148e-01 0.000000000000000000e+00
3.333333333333333148e-01 0.000000000000000000e+00
3.333333333333333148e-01 0.000000000000000000e+00
3.333333333333333148e-01 0.000000000000000000e+00
3.333333333333333148e-01 0.000000000000000000e+00
3.333333333333333148e-01 0.000000000000000000e+00
3.333333333333333148e-01 0.000000000000000000e+00
3.333333333333333148e-01 0.000000000000000000e+00
3.333333333333333148e-01 0.000000000000000000e+00
3.333333333333333148e-01 0.000000000000000000e+00
3.333333333333333148e-01 0.000000000000000000e+00
3.333333333333333148e-01 0.000000000000000000e+00
3.333333333333333148e-01 0.000000000000000000e+00
3.333333333333333148e-01 0.000000000000000000e+00
3.333333333333333148e-01 0.000000000000000000e+00
3.333333333333333148e-01 0.000000000000000000e+00
3.333333333333333148e-01 0.000000000000000000e+00
3.333333333333333148e-01 0.000000000000000000e+00
3.333333333333333148e-01 0.000000000000000000e+00
3.333333333333333148e-01 0.000000000000000000e+00
3.333333333333333148e-01 0.000000000000000000e+00
3.333333333333333148e-01 0.000000000000000000e+00
3.333333333333333148e-01 0.000000000000000000e+00
0.000000000000000000e+00 2.909768849089390041e+00
0.000000000000000000e+00 2.909768849089390041e+00
0.000000000000000000e+00 2.909768849089390041e+00
0.000000000000000000e+00 2.909768849089390041e+00
7.453559924999298980e-01 0.000000000000000000e+00
7.453559924999298980e-01 0.000000000000000000e+00
7.453559924999298980e-01 0.000000000000000000e+00
0.000000000000000000e+00 2.980717376391472051e+00
0.000000000000000000e+00 2.980717376391472051e+00
0.000000000000000000e+00 2.980717376391472051e+00
0.000000000000000000e+00 2.980717376391472051e+00
4.714045207910317337e-01 0.000000000000000000e+00
4.714045207910317337e-01 0.000000000000000000e+00
4.714045207910317337e-01 0.000000000000000000e+00
4.714045207910317337e-01 0.000000000000000000e+00
4.714045207910317337e-01 0.000000000000000000e+00
4.714045207910317337e-01 0.000000000000000000e+00
0.000000000000000000e+00 2.748893571891068976e+00
0.000000000000000000e+00 2.748893571891068976e+00
0.000000000000000000e+00 2.748893571891068976e+00
0.000000000000000000e+00 2.748893571891068976e+00
3.333333333333333148e-01 0.000000000000000000e+00
3.333333333333333148e-01 0.000000000000000000e+00
3.333333333333333148e-01 0.000000000000000000e+00
3.333333333333333148e-01 0.000000000000000000e+00
3.333333333333333148e-01 0.000000000000000000e+00
3.333333333333333148e-01 0.000000000000000000e+00
3.333333333333333148e-01 0.000000000000000000e+00
3.333333333333333148e-01 0.000000000000000000e+00
3.333333333333333148e-01 0.000000000000000000e+00
3.333333333333333148e-01 0.000000000000000000e+00
3.333333333333333148e-01 0.000000000000000000e+00
3.333333333333333148e-01 0.000000000000000000e+00
3.333333333333333148e-01 0.000000000000000000e+00
3.333333333333333148e-01 0.000000000000000000e+00
3.333333333333333148e-01 0.000000000000000000e+00
3.333333333333333148e-01 0.000000000000000000e+00
3.333333333333333148e-01 0.000000000000000000e+00
3.333333333333333148e-01 0.000000000000000000e+00
3.333333333333333148e-01 0.000000000000000000e+00
3.333333333333333148e-01 0.000000000000000000e+00
3.333333333333333148e-01 0.000000000000000000e+00
3.333333333333333148e-01 0.000000000000000000e+00
3.333333333333333148e-01 0.000000000000000000e+00
3.333333333333333148e-01 0.000000000000000000e+00
3.333333333333333148e-01 0.000000000000000000e+00
3.333333333333333148e-01 0.000000000000000000e+00
3.333333333333333148e-01 0.000000000000000000e+00
3.333333333333333148e-01 0.000000000000000000e+00
3.333333333333333148e-01 0.000000000000000000e+00
3.333333333333333148e-01 0.000000000000000000e+00
3.333333333333333148e-01 0.000000000000000000e+00
3.333333333333333148e-01 0.000000000000000000e+00
3.333333333333333148e-01 0.000000000000000000e+00
3.333333333333333148e-01 0.000000000000000000e+00
3.333333333333333148e-01 0.000000000000000000e+00
3.333333333333333148e-01 0.000000000000000000e+00
