0.000000000000000000e+00 7.853981633974482790e-01
0.000000000000000000e+00 7.853981633974482790e-01
0.000000000000000000e+00 7.853981633974482790e-01
0.000000000000000000e+00 7.853981633974482790e-01
3.333333333333333148e-01 0.000000000000000000e+00
3.333333333333333148e-01 0.000000000000000000e+00
3.333333333333333148e-01 0.000000000000000000e+00
3.333333333333333148e-01 0.000000000000000000e+00
3.333333333333333148e-01 0.000000000000000000e+00
3.333333333333333148e-01 0.000000000000000000e+00
3.333333333333333148e-01 0.000000000000000000e+00
3.333333333333333148e-01 0.000000000000000000e+00
3.333333333333333148e-01 0.000000000000000000e+00
3.333333333333333148e-01 0.000000000000000000e+00
3.333333333333333148e-01 0.000000000000000000e+00
3.333333333333333148e-01 0.000000000000000000e+00
3.333333333333333148e-01 0.000000000000000000e+00
3.333333333333333148e-01 0.000000000000000000e+00
3.333333333333333148e-01 0.000000000000000000e+00
3.333333333333333148e-01 0.000000000000000000e+00
3.333333333333333148e-01 0.000000000000000000e+00
3.333333333333333148e-01 0.000000000000000000e+00
3.333333333333333148e-01 0.000000000000000000e+00
3.333333333333333148e-01 0.000000000000000000e+00
3.333333333333333148e-01 0.000000000000000000e+00
3.333333333333333148e-01 0.000000000000000000e+00
3.333333333333333148e-01 0.000000000000000000e+00
3.333333333333333148e-01 0.000000000000000000e+00
3.333333333333333148e-01 0.000000000000000000e+00
3.333333333333333148e-01 0.000000000000000000e+00
3.333333333333333148e-01 0.000000000000000000e+00
3.333333333333333148e-01 0.000000000000000000e+00
3.333333333333333148e-01 0.000000000000000000e+00
3.333333333333333148e-01 0.000000000000000000e+00
3.333333333333333148e-01 0.000000000000000000e+00
3.333333333333333148e-01 0.000000000000000000e+00
3.333333333333333148e-01 0.000000000000000000e+00
3.333333333333333148e-01 0.000000000000000000e+00
3.333333333333333148e-01 0.000000000000000000e+00
3.333333333333333148e-01 0.000000000000000000e+00
3.333333333333333148e-01 0.000000000000000000e+00
3.333333333333333148e-01 0.000000000000000000e+00
3.333333333333333148e-01 0.000000000000000000e+00
3.333333333333333148e-01 0.000000000000000000e+00
3.333333333333333148e-01 0.000000000000000000e+00
3.333333333333333148e-01 0.000000000000000000e+00
3.333333333333333148e-01 0.000000000000000000e+00
3.333333333333333148e-01 0.000000000000000000e+00
3.333333333333333148e-01 0.000000000000000000e+00
3.333333333333333148e-01 0.000000000000000000e+00
3.333333333333333148e-01 0.000000000000000000e+00
3.333333333333333148e-01 0.000000000000000000e+00
0.000000000000000000e+00 2.356194490192344837e+00
0.000000000000000000e+00 2.356194490192344837e+00
0.000000000000000000e+00 2.356194490192344837e+00
0.000000000000000000e+00 2.356194490192344837e+00
3.333333333333333148e-01 0.000000000000000000e+00
3.333333333333333148e-01 0.000000000000000000e+00
3.333333333333333148e-01 0.000000000000000000e+00
3.333333333333333148e-01 0.000000000000000000e+00
3.333333333333333148e-01 0.000000000000000000e+00
3.333333333333333148e-01 0.000000000000000000e+00
3.333333333333333148e-01 0.000000000000000000e+00
3.333333333333333148e-01 0.000000000000000000e+00
3.333333333333333148e-01 0.000000000000000000e+00
3.333333333333333148e-01 0.000000000000000000e+00
3.333333333333333148e-01 0.000000000000000000e+00
3.333333333333333148e-01 0.000000000000000000e+00
3.333333333333333148e-01 0.000000000000000000e+00
3.333333333333333148e-01 0.000000000000000000e+00
3.333333333333333148e-01 0.000000000000000000e+00
3.333333333333333148e-01 0.000000000000000000e+00
3.333333333333333148e-01 0.000000000000000000e+00
3.333333333333333148e-01 0.000000000000000000e+00
3.333333333333333148e-01 0.000000000000000000e+00
3.333333333333333148e-01 0.000000000000000000e+00
3.333333333333333148e-01 0.000000000000000000e+00
3.333333333333333148e-01 0.000000000000000000e+00
3.333333333333333148e-01 0.000000000000000000e+00
3.333333333333333148e-01 0.000000000000000000e+00
3.333333333333333148e-01 0.000000000000000000e+00
3.333333333333333148e-01 0.000000000000000000e+00
3.333333333333333148e-01 0.000000000000000000e+00
3.333333333333333148e-01 0.000000000000000000e+00
3.333333333333333148e-01 0.000000000000000000e+00
3.333333333333333148e-01 0.000000000000000000e+00
3.333333333333333148e-01 0.000000000000000000e+00
3.333333333333333148e-01 0.000000000000000000e+00
3.333333333333333148e-01 0.000000000000000000e+00
3.333333333333333148e-01 0.000000000000000000e+00
3.333333333333333148e-01 0.000000000000000000e+00
3.333333333333333148e-01 0.000000000000000000e+00
3.333333333333333148e-01 0.000000000000000000e+00
3.333333333333333148e-01 0.000000000000000000e+00
3.333333333333333148e-01 0.000000000000000000e+00
3.333333333333333148e-01 0.000000000000000000e+00
3.333333333333333148e-01 0.000000000000000000e+00
3.333333333333333148e-01 0.000000000000000000e+00
3.333333333333333148e-01 0.000000000000000000e+00
3.333333333333333148e-01 0.000000000000000000e+00
3.333333333333333148e-01 0.000000000000000000e+00
3.333333333333333148e-01 0.000000000000000000e+00
3.333333333333333148e-01 0.000000000000000000e+00
3.333333333333333148e-01 0.000000000000000000e+00
